0 0.34024711506816857 0.34024711506816857 2675.7712799624505
1 0.3534685518091391 0.3534685518091391 2675.172029206626
2 0.37556937823671926 0.37556937823671926 2675.0181883446003
3 0.4064584833902804 0.4064584833902804 2673.8175461682213
4 0.4426147839229979 0.4426147839229979 2673.3515817045054
5 0.48457962452041925 0.48457962452041925 2672.0863403903513
6 0.5308582986648033 0.5308582986648033 2671.624122729113
7 0.5810125534325872 0.5810125534325872 2670.30130009353
8 0.6321833121772593 0.6321833121772593 2670.142806999788
9 0.6796424195068629 0.6796424195068629 2668.3749354909337
10 0.7159765859332021 0.7159765859332021 2668.2658145428945
11 0.7448520060428678 0.7448520060428678 2665.7441683438997
12 0.7737956315941347 0.7737956315941347 2663.3707882134654
13 0.7969011096026393 0.7969011096026393 2633.490854030691
14 0.8253641951364694 0.8253641951364694 2608.0859936835486
15 0.8438856108710259 0.8438856108710259 2569.9351412468372
16 0.8639629937568388 0.8639629937568388 2537.706361050262
17 0.87733254699059 0.87733254699059 2496.4137355917624
18 0.8891082863609492 0.8891082863609492 2458.2546716749894
19 0.900982975343543 0.900982975343543 2412.520129764919
20 0.9136690930376147 0.9136690930376147 2368.617354191003
21 0.928450623964957 0.928450623964957 2319.123744892476
22 0.9399436953128405 0.9399436953128405 2271.8138522449494
23 0.9514232546523892 0.9514232546523892 2220.9583165829727
24 0.9589267149982413 0.9589267149982413 2171.9630893416174
25 0.9695617384515839 0.9695617384515839 2122.168939660045
26 0.9742961760793123 0.9742961760793123 2073.983350261185
27 0.9824005380104304 0.9824005380104304 2025.544008153229
28 0.9903028357502314 0.9903028357502314 1977.155206756202
29 1.0011237947761322 1.0011237947761322 1929.8784780652163
30 1.0094310136907034 1.0094310136907034 1882.5966589983384
31 1.0194953915978076 1.0194953915978076 1837.5230359716022
32 1.0264222561094065 1.0264222561094065 1791.7857984589054
33 1.029981781294128 1.029981781294128 1748.1204566185777
34 1.0372288168977817 1.0372288168977817 1703.4333729055184
35 1.0434049898315805 1.0434049898315805 1661.2226428014314
36 1.0502872438374273 1.0502872438374273 1618.2568550857688
37 1.0626786224696692 1.0626786224696692 1578.1611122565828
38 1.06722768829936 1.06722768829936 1537.8332602616879
39 1.076753683025228 1.076753683025228 1500.079578201987
40 1.0837266371213046 1.0837266371213046 1462.5599649869428
41 1.0879242421451372 1.0879242421451372 1426.638093777054
42 1.0907722354779892 1.0907722354779892 1391.0648572795221
43 1.0937020626972092 1.0937020626972092 1357.0966281457454
44 1.0945139726501787 1.0945139726501787 1322.6527885218
45 1.1025398933359851 1.1025398933359851 1290.5617233588787
46 1.1077368643816035 1.1077368643816035 1258.092669056027
47 1.1165804833073023 1.1165804833073023 1227.8532314741658
48 1.1257161050674986 1.1257161050674986 1196.7062025519201
49 1.1341566306259543 1.1341566306259543 1167.7615950773488
50 1.143831758212218 1.143831758212218 1137.9039345098229
51 1.1510776798133764 1.1510776798133764 1110.396566811454
52 1.161393713422018 1.161393713422018 1081.4428900247228
53 1.1721995312041695 1.1721995312041695 1054.1996298849635
54 1.183135914156147 1.183135914156147 1024.8600972876877
55 1.1942142839942673 1.1942142839942673 996.8251442674623
56 1.205034206659504 1.205034206659504 966.4078524191989
